Sample1	Sample2	Sample3	Sample4	Sample5	Sample6	Sample7	Sample8	Sample9	Sample10
Brucella melitensis	0	7052	12396	2343	0	2649	0	64850	0	5572
Hepatitis B	5509	13556	0	0	0	0	0	0	41628	32985
Human parvovirusB19	20701	0	12592	19684	22591	11914	10553	0	0	0
Mycobacterium leprae	0	0	0	18542	0	15248	10293	11200	0	0
Mycobacterium tuberculosis	0	0	16716	0	13858	0	32444	0	49004	28207
Plasmodium vivax	1309	0	0	4075	11411	38295	28708	16895	702	0
Treponema pallidum	0	1908	7203	0	0	0	0	35135	2176	0
Variola virus	21291	19759	0	5356	46799	31894	0	0	56490	12034
Vibrio cholerae	1190	7725	1093	0	5341	0	18002	21920	0	71202
Burkholderia mallei	26090	10570	36215	6916	0	8762	0	57970	108556	0
Pseudomonas caeni	0	14332	5487	40523	31192	0	62728	14905	13653	3468
Pseudomonas psychrophila	11612	0	8298	0	9598	2945	12787	0	0	19936
Pseudomonas thivervalensis	12298	25098	0	2561	59210	88293	24485	77125	27791	126596
